# x_mm y_mm z_mm  NACA4412 inverted, 4deg, chord 250 mm, lowest point at y=0
249.3910 36.6124 0.0000
249.3492 36.5974 0.0000
249.2239 36.5523 0.0000
249.0152 36.4773 0.0000
248.7231 36.3725 0.0000
248.3479 36.2380 0.0000
247.8897 36.0742 0.0000
247.3488 35.8814 0.0000
246.7255 35.6598 0.0000
246.0202 35.4100 0.0000
245.2333 35.1324 0.0000
244.3653 34.8274 0.0000
243.4166 34.4958 0.0000
242.3878 34.1379 0.0000
241.2795 33.7546 0.0000
240.0924 33.3465 0.0000
238.8272 32.9144 0.0000
237.4845 32.4589 0.0000
236.0653 31.9810 0.0000
234.5704 31.4814 0.0000
233.0006 30.9611 0.0000
231.3569 30.4208 0.0000
229.6404 29.8617 0.0000
227.8520 29.2845 0.0000
225.9930 28.6903 0.0000
224.0643 28.0800 0.0000
222.0672 27.4548 0.0000
220.0030 26.8155 0.0000
217.8729 26.1632 0.0000
215.6784 25.4991 0.0000
213.4207 24.8241 0.0000
211.1013 24.1393 0.0000
208.7217 23.4458 0.0000
206.2835 22.7446 0.0000
203.7881 22.0369 0.0000
201.2373 21.3238 0.0000
198.6326 20.6062 0.0000
195.9758 19.8853 0.0000
193.2686 19.1622 0.0000
190.5128 18.4380 0.0000
187.7102 17.7136 0.0000
184.8626 16.9903 0.0000
181.9721 16.2690 0.0000
179.0404 15.5508 0.0000
176.0696 14.8367 0.0000
173.0617 14.1278 0.0000
170.0186 13.4250 0.0000
166.9426 12.7295 0.0000
163.8356 12.0422 0.0000
160.6997 11.3641 0.0000
157.5372 10.6962 0.0000
154.3502 10.0394 0.0000
151.1409 9.3947 0.0000
147.9116 8.7630 0.0000
144.6644 8.1452 0.0000
141.4016 7.5422 0.0000
138.1256 6.9549 0.0000
134.8385 6.3841 0.0000
131.5429 5.8307 0.0000
128.2409 5.2955 0.0000
124.9349 4.7791 0.0000
121.6272 4.2825 0.0000
118.3204 3.8062 0.0000
115.0166 3.3510 0.0000
111.7183 2.9176 0.0000
108.4278 2.5066 0.0000
105.1476 2.1185 0.0000
101.8800 1.7538 0.0000
98.5816 1.4146 0.0000
95.2927 1.1112 0.0000
92.0225 0.8443 0.0000
88.7737 0.6141 0.0000
85.5487 0.4206 0.0000
82.3502 0.2638 0.0000
79.1808 0.1435 0.0000
76.0430 0.0597 0.0000
72.9393 0.0120 0.0000
69.8723 0.0000 0.0000
66.8444 0.0234 0.0000
63.8581 0.0815 0.0000
60.9157 0.1740 0.0000
58.0198 0.3000 0.0000
55.1726 0.4588 0.0000
52.3765 0.6498 0.0000
49.6336 0.8718 0.0000
46.9463 1.1242 0.0000
44.3166 1.4058 0.0000
41.7466 1.7157 0.0000
39.2384 2.0526 0.0000
36.7940 2.4156 0.0000
34.4153 2.8033 0.0000
32.1041 3.2145 0.0000
29.8622 3.6481 0.0000
27.6913 4.1026 0.0000
25.5931 4.5768 0.0000
23.5691 5.0694 0.0000
21.6208 5.5789 0.0000
19.7496 6.1041 0.0000
17.9569 6.6436 0.0000
16.2440 7.1960 0.0000
14.6119 7.7600 0.0000
13.0619 8.3343 0.0000
11.5949 8.9175 0.0000
10.2120 9.5085 0.0000
8.9140 10.1060 0.0000
7.7017 10.7088 0.0000
6.5758 11.3157 0.0000
5.5370 11.9257 0.0000
4.5858 12.5377 0.0000
3.7228 13.1507 0.0000
2.9484 13.7639 0.0000
2.2630 14.3763 0.0000
1.6667 14.9872 0.0000
1.1599 15.5959 0.0000
0.7426 16.2019 0.0000
0.4150 16.8044 0.0000
0.1771 17.4032 0.0000
0.0287 17.9977 0.0000
-0.0303 18.5878 0.0000
0.0000 19.1733 0.0000
0.1184 19.7475 0.0000
0.3237 20.3037 0.0000
0.6156 20.8421 0.0000
0.9935 21.3625 0.0000
1.4571 21.8649 0.0000
2.0056 22.3494 0.0000
2.6384 22.8161 0.0000
3.3549 23.2649 0.0000
4.1543 23.6960 0.0000
5.0358 24.1094 0.0000
5.9985 24.5053 0.0000
7.0415 24.8839 0.0000
8.1640 25.2452 0.0000
9.3647 25.5894 0.0000
10.6428 25.9169 0.0000
11.9971 26.2278 0.0000
13.4266 26.5223 0.0000
14.9299 26.8008 0.0000
16.5059 27.0637 0.0000
18.1534 27.3111 0.0000
19.8711 27.5436 0.0000
21.6576 27.7615 0.0000
23.5117 27.9652 0.0000
25.4320 28.1553 0.0000
27.4170 28.3322 0.0000
29.4654 28.4964 0.0000
31.5758 28.6486 0.0000
33.7465 28.7892 0.0000
35.9763 28.9190 0.0000
38.2635 29.0385 0.0000
40.6066 29.1484 0.0000
43.0042 29.2495 0.0000
45.4545 29.3424 0.0000
47.9562 29.4280 0.0000
50.5075 29.5069 0.0000
53.1068 29.5801 0.0000
55.7526 29.6482 0.0000
58.4431 29.7122 0.0000
61.1767 29.7729 0.0000
63.9517 29.8311 0.0000
66.7664 29.8878 0.0000
69.6191 29.9437 0.0000
72.5080 29.9997 0.0000
75.4314 30.0568 0.0000
78.3875 30.1157 0.0000
81.3746 30.1773 0.0000
84.3907 30.2425 0.0000
87.4340 30.3121 0.0000
90.5027 30.3869 0.0000
93.5949 30.4676 0.0000
96.7087 30.5551 0.0000
99.8488 30.6503 0.0000
103.0520 30.7500 0.0000
106.2710 30.8470 0.0000
109.5035 30.9419 0.0000
112.7474 31.0351 0.0000
116.0006 31.1270 0.0000
119.2607 31.2181 0.0000
122.5256 31.3086 0.0000
125.7931 31.3989 0.0000
129.0609 31.4895 0.0000
132.3269 31.5804 0.0000
135.5887 31.6721 0.0000
138.8442 31.7648 0.0000
142.0911 31.8586 0.0000
145.3271 31.9539 0.0000
148.5500 32.0506 0.0000
151.7577 32.1490 0.0000
154.9478 32.2492 0.0000
158.1181 32.3512 0.0000
161.2665 32.4551 0.0000
164.3907 32.5608 0.0000
167.4886 32.6684 0.0000
170.5579 32.7778 0.0000
173.5966 32.8889 0.0000
176.6024 33.0017 0.0000
179.5732 33.1160 0.0000
182.5070 33.2317 0.0000
185.4016 33.3487 0.0000
188.2551 33.4668 0.0000
191.0653 33.5857 0.0000
193.8302 33.7054 0.0000
196.5479 33.8255 0.0000
199.2164 33.9458 0.0000
201.8338 34.0662 0.0000
204.3982 34.1864 0.0000
206.9077 34.3061 0.0000
209.3605 34.4251 0.0000
211.7548 34.5432 0.0000
214.0890 34.6600 0.0000
216.3611 34.7754 0.0000
218.5697 34.8891 0.0000
220.7130 35.0008 0.0000
222.7895 35.1104 0.0000
224.7977 35.2175 0.0000
226.7359 35.3220 0.0000
228.6029 35.4236 0.0000
230.3971 35.5222 0.0000
232.1173 35.6174 0.0000
233.7621 35.7093 0.0000
235.3304 35.7974 0.0000
236.8208 35.8818 0.0000
238.2323 35.9621 0.0000
239.5638 36.0384 0.0000
240.8143 36.1103 0.0000
241.9828 36.1779 0.0000
243.0684 36.2409 0.0000
244.0703 36.2992 0.0000
244.9877 36.3529 0.0000
245.8199 36.4016 0.0000
246.5663 36.4455 0.0000
247.2262 36.4844 0.0000
247.7992 36.5182 0.0000
248.2848 36.5469 0.0000
248.6826 36.5704 0.0000
248.9924 36.5888 0.0000
249.2138 36.6019 0.0000
249.3467 36.6098 0.0000
249.3910 36.6124 0.0000
